TASK 1 OUTPUT

print_actor_vector 1582699 tf

boxing : 0.37474565314579045
sports : 0.1138051314584385
narrated : 0.11202003095977417
underrated : 0.09257160420426143
predictable : 0.0640800238287177
dark : 0.050861648803743394
oscar (best supporting actor) : 0.04474940869285642
imdb top 250 : 0.043349954353908954
overrated : 0.03799290703775834
oscar (best picture) : 0.03583541146065969
drama : 0.022346252990973835
oscar winner : 0.003867481704052549
dramatic : 0.003774491359064605

print_actor_vector 1582699 tf-idf

boxing : 2.0273182999349992
narrated : 0.5575719177651314
sports : 0.5440056504489356
underrated : 0.44130134206651883
predictable : 0.3203319826482366
oscar (best supporting actor) : 0.28573531420850756
dark : 0.23199947414783387
oscar (best picture) : 0.2288173822314064
imdb top 250 : 0.17133552597193122
overrated : 0.12467085836669459
drama : 0.07668519836652694
dramatic : 0.021058428804019227
oscar winner : 0.0209543326533316
